3.997046034783124924e-03
3.871144494041800499e-03
3.802409395575523376e-03
3.774906042963266373e-03
4.049788694828748703e-03
4.036687314510345459e-03
4.104170016944408417e-03
3.679394954815506935e-03
3.768312744796276093e-03
3.889561165124177933e-03
3.783361520618200302e-03
3.725494025275111198e-03
3.755156649276614189e-03
3.666484262794256210e-03
4.041158594191074371e-03
4.311630502343177795e-03
3.744490211829543114e-03
4.178067669272422791e-03
3.789345268160104752e-03
3.975978586822748184e-03
4.066625144332647324e-03
4.268799908459186554e-03
3.984714392572641373e-03
4.298141226172447205e-03
3.794427029788494110e-03
3.996119368821382523e-03
3.859598189592361450e-03
3.932152409106492996e-03
3.694109618663787842e-03
3.636140609160065651e-03
4.208483733236789703e-03
4.032179247587919235e-03
3.613006090745329857e-03
3.835732582956552505e-03
3.733605146408081055e-03
3.849169705063104630e-03
3.869977314025163651e-03
3.750382456928491592e-03
3.658370580524206161e-03
3.771102521568536758e-03
3.849310334771871567e-03
3.888114588335156441e-03
3.853036556392908096e-03
4.049015697091817856e-03
3.695411840453743935e-03
3.988667856901884079e-03
3.658852307125926018e-03
4.162077791988849640e-03
3.714071353897452354e-03
3.937712404876947403e-03
3.726389724761247635e-03
3.839188488200306892e-03
3.789358073845505714e-03
3.972328267991542816e-03
3.882104298099875450e-03
3.779930295422673225e-03
3.746545175090432167e-03
4.155519418418407440e-03
3.808493958786129951e-03
4.280055407434701920e-03
3.776737255975604057e-03
4.281069617718458176e-03
3.936923574656248093e-03
3.770626150071620941e-03
3.928609192371368408e-03
3.716604318469762802e-03
3.722329391166567802e-03
3.914713859558105469e-03
3.867281600832939148e-03
3.759976476430892944e-03
3.788594854995608330e-03
3.890340914949774742e-03
4.044745117425918579e-03
3.889330197125673294e-03
3.971409518271684647e-03
3.899580100551247597e-03
3.893753513693809509e-03
3.863000310957431793e-03
3.714653663337230682e-03
3.837458323687314987e-03
3.790232818573713303e-03
3.685113973915576935e-03
3.913845866918563843e-03
3.725883783772587776e-03
4.069107584655284882e-03
3.783000167459249496e-03
3.758353414013981819e-03
3.869412932544946671e-03
3.652012906968593597e-03
3.741550724953413010e-03
3.745475783944129944e-03
4.027251154184341431e-03
4.066534340381622314e-03
4.041262436658143997e-03
3.813439281657338142e-03
3.694319864735007286e-03
3.764757420867681503e-03
3.924457821995019913e-03
3.763857996091246605e-03
3.904213430359959602e-03
3.965273033827543259e-03
4.023114219307899475e-03
3.947776276618242264e-03
3.873042995110154152e-03
3.751726122573018074e-03
3.880942938849329948e-03
4.067330155521631241e-03
3.915156703442335129e-03
3.821594174951314926e-03
3.699550172314047813e-03
3.806934691965579987e-03
3.901241812855005264e-03
3.951452672481536865e-03
3.721027867868542671e-03
3.721247194334864616e-03
3.956778906285762787e-03
3.882913850247859955e-03
3.921225201338529587e-03
3.834865288808941841e-03
3.887858241796493530e-03
3.880832577124238014e-03
3.760230261832475662e-03
4.081375431269407272e-03
3.652091138064861298e-03
3.760039107874035835e-03
3.902086755260825157e-03
3.762608394026756287e-03
4.103030078113079071e-03
3.951271064579486847e-03
4.008476622402667999e-03
3.697838867083191872e-03
3.826358821243047714e-03
4.121552687138319016e-03
4.104922525584697723e-03
3.836375661194324493e-03
3.962023649364709854e-03
3.821868449449539185e-03
3.988014068454504013e-03
3.684963099658489227e-03
3.691491903737187386e-03
4.035481717437505722e-03
3.789721755310893059e-03
4.093139898031949997e-03
4.156897310167551041e-03
3.866366809234023094e-03
3.749071620404720306e-03
3.995601553469896317e-03
4.056778270751237869e-03
3.659321228042244911e-03
3.698482178151607513e-03
3.806187771260738373e-03
3.978914115577936172e-03
3.833011258393526077e-03
3.892389126121997833e-03
3.782671410590410233e-03
4.130263347178697586e-03
3.935767803341150284e-03
3.641773015260696411e-03
3.858173964545130730e-03
3.713153768330812454e-03
4.066735040396451950e-03
3.881663782522082329e-03
4.196431487798690796e-03
4.015759564936161041e-03
3.715807804837822914e-03
3.710850840434432030e-03
3.985742107033729553e-03
3.665925236418843269e-03
3.649442456662654877e-03
3.870889311656355858e-03
3.672195132821798325e-03
4.052724689245223999e-03
4.054141696542501450e-03
3.837046446278691292e-03
3.795360447838902473e-03
3.697677515447139740e-03
4.195098299533128738e-03
3.850290318951010704e-03
3.692923346534371376e-03
3.862431505694985390e-03
4.004756454378366470e-03
3.975385800004005432e-03
3.663680749014019966e-03
3.870913060382008553e-03
3.829979104921221733e-03
3.985302988439798355e-03
3.769068280234932899e-03
3.735501784831285477e-03
3.903378965333104134e-03
3.641061950474977493e-03
4.257676657289266586e-03
3.703542053699493408e-03
4.292809870094060898e-03
3.727131756022572517e-03
4.251247271895408630e-03
3.998213447630405426e-03
4.132715985178947449e-03
3.886362770572304726e-03
3.724697977304458618e-03
4.070127848535776138e-03
3.915515262633562088e-03
3.784326603636145592e-03
4.018985666334629059e-03
4.247413482517004013e-03
3.855548799037933350e-03
3.989368677139282227e-03
3.798736957833170891e-03
4.179206676781177521e-03
3.769191680476069450e-03
3.869471838697791100e-03
3.977901767939329147e-03
3.877186216413974762e-03
3.873370354995131493e-03
4.052493721246719360e-03
4.006967414170503616e-03
3.618312533944845200e-03
4.029646515846252441e-03
3.992490470409393311e-03
3.770208684727549553e-03
4.027608782052993774e-03
4.086551722139120102e-03
3.647119738161563873e-03
3.705692710354924202e-03
3.687975695356726646e-03
3.820314537733793259e-03
3.721958026289939880e-03
4.076289013028144836e-03
3.876845352351665497e-03
4.013589583337306976e-03
3.886596998199820518e-03
3.719211323186755180e-03
4.022768698632717133e-03
4.004880320280790329e-03
3.670162986963987350e-03
3.966197837144136429e-03
3.680925117805600166e-03
3.851951332762837410e-03
4.016343038529157639e-03
4.232539795339107513e-03
3.818429773673415184e-03
3.840992692857980728e-03
4.208617843687534332e-03
3.994258120656013489e-03
3.798334859311580658e-03
3.799836384132504463e-03
3.782809711992740631e-03
3.756594844162464142e-03
3.782678395509719849e-03
3.849902655929327011e-03
3.689770121127367020e-03
3.744113259017467499e-03
4.035514313727617264e-03
3.886142978444695473e-03
3.714980091899633408e-03
4.042738582938909531e-03
3.762252395972609520e-03
