-1.265733242034912109e-01
1.068622827529907227e+00
-8.712122440338134766e-01
1.072321176528930664e+00
1.074647665023803711e+00
-7.632784247398376465e-01
3.764669299125671387e-01
-7.378745079040527344e-01
7.738621830940246582e-01
9.406993985176086426e-01
6.914508938789367676e-01
-9.680156707763671875e-01
-8.405903577804565430e-01
9.762333035469055176e-01
1.078199863433837891e+00
1.030679941177368164e+00
-4.714292883872985840e-01
-9.647902846336364746e-01
1.103790521621704102e+00
-9.588630795478820801e-01
-7.268143892288208008e-01
-6.794850826263427734e-01
9.919670224189758301e-01
-8.380635976791381836e-01
9.779329895973205566e-01
1.041512489318847656e+00
1.047592401504516602e+00
1.149082899093627930e+00
-8.478893041610717773e-01
-7.029922604560852051e-01
1.221748113632202148e+00
-5.130940675735473633e-02
1.047368049621582031e+00
-9.599807262420654297e-01
1.128010511398315430e+00
1.018217325210571289e+00
9.109156727790832520e-01
1.008900165557861328e+00
-9.582317471504211426e-01
1.099420547485351562e+00
1.008985042572021484e+00
-7.317645549774169922e-01
1.021454572677612305e+00
9.478910565376281738e-01
9.474235177040100098e-01
-9.568256735801696777e-01
2.881873250007629395e-01
1.044901371002197266e+00
-6.139348745346069336e-01
9.401391148567199707e-01
-9.678271412849426270e-01
-8.560948967933654785e-01
9.547660946846008301e-01
-9.531670808792114258e-01
1.108927011489868164e+00
-9.703288078308105469e-01
-6.849231719970703125e-01
1.031275987625122070e+00
-9.689926505088806152e-01
9.810619950294494629e-01
8.564644455909729004e-01
1.062216043472290039e+00
1.036172628402709961e+00
9.795296788215637207e-01
-9.650697112083435059e-01
9.650174975395202637e-01
1.061910867691040039e+00
8.211594223976135254e-01
-9.705441594123840332e-01
9.751284718513488770e-01
-8.626723885536193848e-01
-9.025190472602844238e-01
-4.030379652976989746e-01
1.055451869964599609e+00
-7.918421030044555664e-01
-9.508064985275268555e-01
-8.501052856445312500e-01
-9.534334540367126465e-01
-9.097119569778442383e-01
8.596144318580627441e-01
1.004232645034790039e+00
8.123846650123596191e-01
1.558305978775024414e+00
9.427197575569152832e-01
-7.619950175285339355e-01
-9.616632461547851562e-01
9.829185605049133301e-01
-7.599139213562011719e-01
1.070857763290405273e+00
-9.630597233772277832e-01
-9.457861185073852539e-01
-9.637917280197143555e-01
-9.617788195610046387e-01
-9.473507404327392578e-01
8.816263079643249512e-01
1.045680284500122070e+00
-8.170238137245178223e-01
1.078547239303588867e+00
9.914380908012390137e-01
8.667224049568176270e-01
-7.808668613433837891e-01
1.081208229064941406e+00
1.096283197402954102e+00
7.666381001472473145e-01
-8.967006206512451172e-01
1.215488910675048828e+00
-8.355793952941894531e-01
-8.388292789459228516e-01
9.878559708595275879e-01
9.687944054603576660e-01
-9.534826278686523438e-01
-3.449438810348510742e-01
-5.838259458541870117e-01
8.569148182868957520e-01
-3.183627128601074219e-01
1.067250967025756836e+00
-8.263909816741943359e-01
-7.479478120803833008e-01
-7.767376899719238281e-01
9.654451012611389160e-01
-9.501753449440002441e-01
-7.545288801193237305e-01
1.038736581802368164e+00
-3.780064582824707031e-01
-7.777438163757324219e-01
-9.510797262191772461e-01
9.626081585884094238e-01
-7.810255885124206543e-01
-9.642509222030639648e-01
9.350202679634094238e-01
-7.155774831771850586e-01
-7.971808314323425293e-01
-1.387347579002380371e-01
-6.625561714172363281e-01
-8.397415280342102051e-01
8.162825703620910645e-01
-8.594357371330261230e-01
8.511744141578674316e-01
-8.040547966957092285e-01
-3.897014260292053223e-01
9.462575316429138184e-01
1.118721246719360352e+00
1.043851852416992188e+00
-9.680709242820739746e-01
-7.946549057960510254e-01
8.310385346412658691e-01
7.914708256721496582e-01
9.302623867988586426e-01
9.444680809974670410e-01
-9.580349922180175781e-01
-9.611240625381469727e-01
-9.635596871376037598e-01
-7.233223915100097656e-01
9.780353903770446777e-01
8.781194090843200684e-01
1.073745727539062500e+00
-9.510030746459960938e-01
-6.274463534355163574e-01
1.197424173355102539e+00
-9.545826911926269531e-01
-8.050735592842102051e-01
6.489489674568176270e-01
-9.607414603233337402e-01
-4.426872730255126953e-01
9.361427426338195801e-01
-4.431051611900329590e-01
-7.365701198577880859e-01
-7.146333456039428711e-01
1.042973756790161133e+00
-8.858288526535034180e-01
8.664519190788269043e-01
1.137767553329467773e+00
-9.688264727592468262e-01
-9.579104781150817871e-01
-7.157598733901977539e-01
-2.613749504089355469e-01
-7.410546541213989258e-01
9.230359196662902832e-01
9.620543122291564941e-01
-8.278198838233947754e-01
8.634713292121887207e-01
1.028515577316284180e+00
-9.009088873863220215e-01
-7.105641365051269531e-01
9.347975850105285645e-01
9.812062382698059082e-01
-6.687704324722290039e-01
9.122884869575500488e-01
-7.760495543479919434e-01
9.842923283576965332e-01
-8.170337677001953125e-01
-7.941558957099914551e-01
-9.674380421638488770e-01
-7.372469902038574219e-01
1.094681262969970703e+00
-9.617295265197753906e-01
9.653950333595275879e-01
9.589827656745910645e-01
9.189808964729309082e-01
-8.613809347152709961e-01
-8.168445825576782227e-01
-8.300999402999877930e-01
1.043847799301147461e+00
-8.551014661788940430e-01
1.047425746917724609e+00
-6.559560298919677734e-01
9.654176831245422363e-01
-7.500355839729309082e-01
-9.581251144409179688e-01
7.346799969673156738e-01
-8.626630902290344238e-01
8.347027897834777832e-01
-8.214405179023742676e-01
8.194687962532043457e-01
-8.874716758728027344e-01
-7.990949153900146484e-01
-9.613525271415710449e-01
1.031648874282836914e+00
-8.302425742149353027e-01
1.019718408584594727e+00
9.997366070747375488e-01
-9.564918875694274902e-01
-7.552512884140014648e-01
-8.482884168624877930e-01
9.164972901344299316e-01
-9.668620824813842773e-01
1.136125326156616211e+00
-6.800070405006408691e-01
-8.887784481048583984e-01
1.073351621627807617e+00
-8.528473377227783203e-01
8.451567292213439941e-01
-9.100611805915832520e-01
1.153551101684570312e+00
9.811916947364807129e-01
8.484657406806945801e-01
-9.098076820373535156e-01
-8.635536432266235352e-01
8.624289631843566895e-01
-9.573016762733459473e-01
8.199980854988098145e-01
1.055269479751586914e+00
-7.062344551086425781e-01
9.450544714927673340e-01
-7.357180714607238770e-01
9.538119435310363770e-01
-8.271811008453369141e-01
-6.941602230072021484e-01
-8.365058898925781250e-01
9.873893857002258301e-01
9.015410542488098145e-01
-7.901161313056945801e-01
1.025775671005249023e+00
8.338077664375305176e-01
1.053476095199584961e+00
9.929797053337097168e-01
