9.999904632568359375e-01
9.921946525573730469e-01
1.805731335480231792e-05
9.999679327011108398e-01
9.986761212348937988e-01
2.707634848775342107e-05
4.111468804302020885e-11
2.379098077653907239e-05
9.999960660934448242e-01
9.972169399261474609e-01
9.999824762344360352e-01
8.635395458596317741e-13
4.845623334404081106e-05
9.951319694519042969e-01
9.965581297874450684e-01
9.999961853027343750e-01
8.723404789634514600e-06
7.158094561532379885e-09
9.999974966049194336e-01
9.775225180419511162e-07
6.814584025960357394e-07
7.609514432260766625e-05
9.849054217338562012e-01
6.875765166114433669e-07
9.950872063636779785e-01
9.999018907546997070e-01
9.947059750556945801e-01
9.999790191650390625e-01
1.350405273115029559e-05
2.543023128964705393e-06
9.999119043350219727e-01
9.982557892799377441e-01
9.999953508377075195e-01
3.792323332163505256e-05
9.974695444107055664e-01
9.999998807907104492e-01
9.899300932884216309e-01
9.999946355819702148e-01
7.508775823339419730e-09
9.983755350112915039e-01
9.915037751197814941e-01
7.886562525527551770e-05
9.973788261413574219e-01
9.999275207519531250e-01
9.904525279998779297e-01
2.155676526172101148e-07
4.928824709482526600e-11
9.949807524681091309e-01
4.562307367450557649e-05
9.977955818176269531e-01
1.330053775450146247e-11
3.245304696974926628e-06
9.999004602432250977e-01
1.330835355112247598e-11
9.887229204177856445e-01
3.568125248420983553e-05
3.110334000666625798e-05
9.947062134742736816e-01
3.857893261738354340e-06
9.999964237213134766e-01
9.989110231399536133e-01
9.999645948410034180e-01
9.998397827148437500e-01
9.951135516166687012e-01
6.581050808474042668e-13
9.868090152740478516e-01
9.968551397323608398e-01
9.977810978889465332e-01
9.818410035222768784e-05
9.944029450416564941e-01
6.604937516385689378e-05
2.360097228759627797e-09
1.146680350672113491e-08
9.999941587448120117e-01
4.254826853866688907e-05
3.982633643317967653e-05
6.540183505876484560e-09
9.645717364037409425e-05
1.761737533634288866e-09
9.999967813491821289e-01
9.946079254150390625e-01
9.983879327774047852e-01
9.999382495880126953e-01
9.857574701309204102e-01
4.871625424129888415e-05
1.796075110860329005e-07
9.898749589920043945e-01
3.850021312246099114e-05
9.999786615371704102e-01
6.319284875644370914e-05
3.471742729743709788e-06
1.671166189372991218e-14
9.987230242813893710e-08
1.036004988463901100e-07
9.999998807907104492e-01
9.999039173126220703e-01
2.324617755233848726e-11
1.000000000000000000e+00
9.922335147857666016e-01
9.965319633483886719e-01
1.572609681366188283e-10
9.987081289291381836e-01
9.867353439331054688e-01
9.999980926513671875e-01
4.553751126179506059e-11
9.985301494598388672e-01
1.945469739439431578e-05
4.958753893613554453e-11
9.977680444717407227e-01
9.971948862075805664e-01
3.566893428796902299e-05
1.136086666519986466e-05
4.271666330168955028e-05
9.998677968978881836e-01
9.975296854972839355e-01
9.987553358078002930e-01
4.107569475308991969e-05
1.420696935383602977e-04
2.970650939460028894e-06
9.899752736091613770e-01
2.843988841050304472e-05
1.387547672493383288e-04
9.983209967613220215e-01
9.895395636558532715e-01
7.331571396207436919e-05
6.471027154475450516e-05
9.957952499389648438e-01
3.152114368276670575e-05
5.618659997708164155e-06
9.977779984474182129e-01
2.391064663243014365e-05
1.118418003898113966e-05
9.907134771347045898e-01
2.987470543303061277e-05
1.264171532966429368e-05
9.999549388885498047e-01
3.299354375485563651e-06
9.950963854789733887e-01
7.987444405443966389e-05
1.789326233847532421e-05
9.984819293022155762e-01
9.999970197677612305e-01
9.948654770851135254e-01
9.523786502541042864e-06
3.629781713243573904e-05
9.999762773513793945e-01
9.896083474159240723e-01
1.000000000000000000e+00
9.947581887245178223e-01
1.149817410337969359e-14
1.334415628662100062e-05
2.993162706843577325e-05
3.848182313959114254e-05
9.919861555099487305e-01
9.893842339515686035e-01
9.998350143432617188e-01
1.218116096879384713e-08
7.950156577862799168e-05
1.000000000000000000e+00
6.178395324241137132e-06
2.745496658462798223e-06
9.999980926513671875e-01
1.369102665194077417e-05
1.903812335513066500e-05
9.894803762435913086e-01
1.540036898006746924e-08
4.839200755668571219e-07
5.812574090668931603e-05
9.896888732910156250e-01
7.529264257755130529e-05
9.983999133110046387e-01
9.986949563026428223e-01
3.333413815198582597e-06
2.353357922402210534e-05
4.654030271922238171e-05
9.999907016754150391e-01
1.166085397130700585e-07
9.915370941162109375e-01
9.998586177825927734e-01
4.626316513167694211e-05
9.903188943862915039e-01
9.891151189804077148e-01
2.271639823447912931e-04
3.812062641372904181e-05
9.987020492553710938e-01
9.941259622573852539e-01
3.710082694396987790e-07
9.999465942382812500e-01
7.761967140140768606e-07
9.927839040756225586e-01
2.607612441352102906e-05
2.627630692586535588e-06
9.942030310128302517e-09
9.764980291038227733e-08
9.929986000061035156e-01
3.839626515400595963e-05
9.999808073043823242e-01
9.949630498886108398e-01
9.999932050704956055e-01
2.447304723318666220e-04
1.132784836954670027e-05
7.489318250009091571e-07
9.999852180480957031e-01
1.082683156710118055e-04
9.999022483825683594e-01
3.939202315450529568e-07
9.990091323852539062e-01
3.063499661948299035e-06
4.302155502955429256e-06
9.905623793601989746e-01
1.680957456562381935e-11
9.949851036071777344e-01
4.608100789482705295e-05
9.982983469963073730e-01
1.544699771329760551e-04
2.680954457900952548e-05
5.543486167880473658e-06
9.999939203262329102e-01
4.704605817096307874e-05
9.839113950729370117e-01
9.942104816436767578e-01
7.640909643669147044e-06
4.233343133819289505e-07
1.675103703746572137e-04
1.000000000000000000e+00
1.037103743328771088e-06
9.999980926513671875e-01
4.338204234954901040e-05
9.612336704378776631e-09
9.917107820510864258e-01
1.323603587843891205e-10
9.999976158142089844e-01
1.333858135055265848e-09
9.983458518981933594e-01
9.999977350234985352e-01
9.986916184425354004e-01
2.581644009680417184e-09
6.827100878581404686e-05
9.922220110893249512e-01
4.442616500455187634e-06
9.969649910926818848e-01
9.979562759399414062e-01
4.089933645445853472e-05
9.900688529014587402e-01
1.338689526164671406e-05
9.894785284996032715e-01
6.597635365324094892e-05
2.839733679138589650e-05
1.730577969283331186e-05
9.973410964012145996e-01
9.816809296607971191e-01
3.164533382005174644e-06
9.999638795852661133e-01
9.972952008247375488e-01
9.883880019187927246e-01
9.892360568046569824e-01
