7.323221495880716247e-08
1.809465970836754423e-06
1.577106741024181247e-05
1.342144969385117292e-06
9.999002218246459961e-01
1.842956578457233263e-07
4.643962370209919754e-07
8.511841770086903125e-06
9.941079616546630859e-01
9.993452429771423340e-01
1.730259464238770306e-05
1.503019393567228690e-05
7.314577487704809755e-06
9.994364380836486816e-01
3.651824087569366384e-08
3.014174012605508324e-07
3.116720336038270034e-06
3.316087884286389453e-07
9.892661571502685547e-01
6.174315058160573244e-05
9.900674740492831916e-06
1.290843101742211729e-05
9.945933222770690918e-01
4.544977855402976274e-06
1.770934545675117988e-06
3.811217368365760194e-07
1.852632522059138864e-05
3.780642714446003083e-07
4.177889786660671234e-05
8.871090244610968512e-07
2.253771214100197540e-07
1.643584681687570992e-07
9.987077713012695312e-01
7.389052711914700922e-07
1.789157622056336550e-08
9.988561868667602539e-01
9.998366832733154297e-01
9.998964071273803711e-01
7.313140486076008528e-06
9.994375109672546387e-01
9.990602135658264160e-01
1.279697698919335380e-05
2.968269200209761038e-06
9.995030164718627930e-01
1.023834847728721797e-04
9.770540600584354252e-06
1.153111838902987074e-06
1.075605524647471611e-07
3.014046569660422392e-06
6.524449958078548661e-08
1.106668696593260393e-05
1.241900281456764787e-05
9.991863369941711426e-01
2.113112259394256398e-06
1.883870254459907301e-06
2.289381654918543063e-06
5.537975084735080600e-06
9.866890311241149902e-01
2.432203291391488165e-05
2.841235584583046148e-07
9.996850490570068359e-01
1.201055329147493467e-05
9.840861558914184570e-01
9.957339167594909668e-01
2.337785190320573747e-05
1.303245539929775987e-06
9.962418079376220703e-01
9.992864727973937988e-01
2.205636519647669047e-06
2.052161562460241839e-06
1.818124110286589712e-05
2.408820182608906180e-05
2.824323382810689509e-05
9.119179189553960896e-09
2.113225264110951684e-06
2.344388849451206625e-05
5.924991000938462093e-06
8.567620170651935041e-06
7.452443696820409968e-06
1.511495497652504127e-06
9.849771261215209961e-01
2.459729330439586192e-06
9.999138116836547852e-01
9.898372292518615723e-01
4.720866400020895526e-06
3.121572080999612808e-05
9.994014501571655273e-01
3.635337998275645077e-05
9.949116110801696777e-01
4.955111307936022058e-06
1.192770355373795610e-06
2.536409920139703900e-05
9.707634490041527897e-06
1.137453728006221354e-05
5.364860271583893336e-07
2.758790458301518811e-07
9.012457553581043612e-07
2.991131111684808275e-07
1.894902723620361940e-08
9.851678609848022461e-01
2.455426283631823026e-06
9.961708188056945801e-01
3.787506329899770208e-06
1.805818716782425781e-09
3.758049729185586330e-07
1.516415721880548517e-07
1.593020861037075520e-03
4.055424597027013078e-06
3.437809823481075000e-07
9.996267557144165039e-01
6.829880589975800831e-07
1.877108843473251909e-05
3.545443178154528141e-06
1.008541858027456328e-05
9.984911680221557617e-01
2.040396935854005278e-07
2.590297526694484986e-06
2.330164761588093825e-06
3.327865124447271228e-05
9.999047517776489258e-01
2.532586040615569800e-05
1.447842259949538857e-05
9.868013858795166016e-01
9.973356127738952637e-01
3.202061861884430982e-06
8.757078830967657268e-06
1.491317289037397131e-05
3.562250276445411146e-05
5.030710781284142286e-07
4.105683615307498258e-08
3.002820449182763696e-05
4.961674676451366395e-06
1.811982315302884672e-07
6.475783720816252753e-06
1.912769107548228931e-07
9.872719645500183105e-01
4.495301709539489821e-06
9.900349974632263184e-01
4.524207270151237026e-06
7.297611318790586665e-06
5.976264105811424088e-08
9.936013817787170410e-01
9.857668876647949219e-01
5.134521870786556974e-06
1.275969952985178679e-05
9.943044781684875488e-01
9.999558925628662109e-01
3.146274352161526622e-08
6.750264560650975909e-07
3.679528526845388114e-05
1.214657731907209381e-05
2.104967825289350003e-05
3.418763662921264768e-05
8.642567905781106674e-08
9.999554157257080078e-01
1.118811141509468143e-07
4.738258212455548346e-06
1.046823672368191183e-05
9.999353885650634766e-01
9.178595973935443908e-06
1.061876218955148943e-06
9.942422509193420410e-01
1.444197641831124201e-05
2.463725195411825553e-06
7.152566539048166305e-09
1.258282827620860189e-05
2.528595359763130546e-06
1.971120036614593118e-05
9.999142885208129883e-01
9.199050055030966178e-07
9.973276853561401367e-01
3.441207923060574103e-07
3.467285205260850489e-05
1.978274303837679327e-05
7.815015692358429078e-07
9.997832179069519043e-01
1.569044798088725656e-05
9.938557744026184082e-01
9.990035891532897949e-01
1.312966105615487322e-06
9.993782043457031250e-01
8.908719451028446201e-08
1.215672909893328324e-05
1.902144504128955305e-05
2.506835805604623602e-08
1.047215931748723960e-07
1.664905880716105457e-06
1.027023586175346281e-07
4.388092202134430408e-05
1.296503114645020105e-06
1.578677620273083448e-05
2.902935011661611497e-05
2.890046744141727686e-05
4.806132437806809321e-06
1.743536692799807497e-08
2.550324825278948992e-05
7.912650517027941532e-07
9.999366998672485352e-01
2.281386457525513833e-07
1.761481689754873514e-05
2.777737790893297642e-06
3.011101944139227271e-05
9.860070943832397461e-01
4.972930128133157268e-06
9.995002746582031250e-01
6.301706434896914288e-06
9.998532533645629883e-01
5.540255187952425331e-07
8.503671779180876911e-06
9.979186654090881348e-01
9.619017873774282634e-06
9.044374564837198704e-07
3.140119588351808488e-06
4.197019336515950272e-07
1.513499319116817787e-05
3.116776861133985221e-05
1.933668863784987479e-05
9.969568252563476562e-01
1.467734023208322469e-06
6.668823715472171898e-08
9.922806024551391602e-01
2.708792089833877981e-05
9.833241847445606254e-07
2.005020360229536891e-05
9.979967474937438965e-01
3.880438725900603458e-06
8.050889732658106368e-08
1.042808435158804059e-06
1.524956496723461896e-05
9.985561966896057129e-01
9.851047479969565757e-07
9.999737739562988281e-01
4.518649348028702661e-06
9.941912293434143066e-01
1.954364421408172348e-07
7.603920835208555218e-07
2.069643778668250889e-05
1.109471213567303494e-05
9.800333380699157715e-01
4.224388248985633254e-06
9.910311698913574219e-01
9.999411106109619141e-01
7.643831850145943463e-06
9.169204417958098929e-08
5.303083526086993515e-06
7.043116738714161329e-07
1.116932162403827533e-05
3.366350210853852332e-05
4.757822171086445451e-05
9.974048733711242676e-01
9.999603033065795898e-01
9.969470738724339753e-06
9.981561303138732910e-01
4.159874222864345938e-09
3.272256421382735425e-08
3.163876627354511584e-08
