2.405280383754870854e-07
1.771250680848712733e-11
3.503361156731443771e-08
3.912913726367150957e-08
5.350793141900567207e-10
1.056290277468008298e-09
1.185035998219063913e-07
1.752684886113797802e-09
3.501405415606839711e-11
3.933461556471229414e-08
7.580680527752292619e-10
5.093021004931586049e-10
4.071868886512675090e-08
8.009471308412230428e-09
1.253072534623811407e-09
4.973447857992141508e-07
1.644599345596020612e-09
1.899049273390573944e-08
4.676896736555136158e-08
1.791773911463678814e-06
2.934858400749362772e-07
3.247250788263045251e-07
9.410797141562454726e-11
3.400311834411695600e-05
1.760645962356477412e-09
8.971794329681870295e-08
7.441813137942787648e-11
2.404019028290349524e-07
1.428442520517991809e-11
5.563559682397745121e-11
1.576872743491719575e-09
8.108695936925869319e-08
4.680478782326247256e-10
7.755678410603650264e-08
1.045805664290355708e-09
5.190230883966862052e-11
5.352120413526506582e-10
1.763786627861918532e-07
1.420503004112561030e-08
7.749239583354494698e-10
2.808937082932061458e-08
7.204561947027343649e-11
8.015216934609270538e-09
3.198752596134113446e-09
5.595744978492689370e-10
3.817482774337577212e-09
1.303588855784687528e-12
2.431860366414184682e-07
2.058225812007208333e-10
1.310001351839673589e-07
4.956265229338896461e-07
5.438910780086736452e-11
3.269902792979451078e-09
1.673177507655054796e-08
7.186919059876117899e-09
2.129815768192599990e-10
9.675493045646632595e-11
2.299699985996994656e-08
7.463498263859946746e-09
1.520457544756936841e-06
2.800599474550580226e-10
4.307032668293686584e-06
4.163243361166024670e-11
1.542182559433058486e-08
2.139859134331345558e-08
1.669215343724772538e-08
1.439256769319996465e-10
1.686518089627497829e-07
2.245798356170780607e-07
4.529988884005575756e-11
1.208725203261096226e-10
3.218749000666321081e-08
1.619338263481040485e-07
2.595037740249495073e-09
9.513061449695214833e-09
3.168258988495153972e-09
1.546402672580882154e-09
1.612266986583676953e-09
3.660434400032386293e-09
2.943033905467018485e-07
5.376791900602029273e-09
9.183275667679069443e-12
9.765240349679515930e-08
1.228889878746031172e-09
4.667370831157313660e-06
6.712927813623537077e-08
1.125775098143044772e-10
3.712049334581024596e-08
1.480227607153494773e-09
9.389707855689266580e-08
1.019057505047271661e-09
5.473508757347644860e-09
3.801289381044625770e-07
9.782429089000288513e-08
1.454185849070199765e-06
9.491297504882201252e-12
1.489870093962508690e-08
6.351467618515016511e-08
1.148333197420470242e-07
1.431783402949804440e-08
2.375369623219825144e-10
1.598878363040512340e-09
4.654791829761251165e-11
1.191285914359241360e-08
3.145911031676718039e-10
5.005303463367916095e-12
4.004382603284284414e-09
6.028268439983719418e-10
1.037686936378179325e-09
2.842285073967332210e-09
3.445180496441935247e-08
3.257504133102884225e-08
2.974324786464421777e-08
8.499866609168460485e-12
7.519732753147323479e-11
4.262492893758462742e-06
1.054108050846380706e-10
2.667179543891506910e-08
1.201260341199272830e-10
4.762330974017459084e-08
5.719278988181031309e-07
1.006965621996869231e-10
5.436738614861269525e-09
2.073402387281486625e-11
1.666081494988702616e-09
1.082484241132775082e-10
7.291051318247809832e-09
1.332185139979458199e-09
1.028109888889794377e-10
3.593396025181050391e-09
2.651003028208975820e-10
1.413608856637438294e-06
1.559737086154200369e-07
2.415560516055847984e-07
2.074485472292053601e-08
5.883675768814100593e-09
9.306210557724625687e-08
2.903190798875243672e-09
2.094234091698510269e-10
4.474980386248716968e-09
3.313480823052827873e-09
4.731067093644014676e-09
4.793603807229374070e-07
3.523009013406408485e-07
6.106419814244645750e-09
1.483540290614371315e-09
1.061693932769003368e-08
1.310876655225001741e-06
4.779014961542316087e-10
6.352936232634220914e-11
5.858479923404047440e-09
9.936087508322088979e-07
1.980195868389600378e-10
2.894056763125263387e-07
6.578651512434419146e-10
2.323619341382254788e-08
1.140374727981452452e-08
2.085857528366652502e-11
2.597216441913019480e-09
1.968746173031110658e-11
1.378020275666358430e-08
8.577699617262624088e-08
9.251136390275860322e-08
9.574561090630595572e-07
2.675413490749178891e-08
2.828904444029944898e-09
1.392093471747068989e-11
2.508917726351533872e-11
2.740452396260417700e-12
2.089125313714523813e-12
3.329248432493159271e-09
2.222368955528963852e-09
3.264767087785003241e-07
4.611750537009129403e-09
9.823690305665877531e-09
3.617406027500713606e-11
6.241820074137649499e-07
4.486571114625803602e-08
6.603807500837888256e-10
9.671692613455462606e-11
1.558560938974551391e-06
3.230043177371300089e-10
8.455957045683248907e-10
7.557089816145889927e-07
4.136229553308723439e-11
2.784373265285466914e-08
1.125320614470126657e-09
1.276862491295105428e-07
1.103858604523111353e-08
4.618841073500412620e-11
2.680524994502775371e-05
2.214133043576538284e-11
8.611173285544282407e-08
1.112561848204407511e-10
5.868486368854064494e-06
7.536071766622853829e-11
1.357546125291264616e-06
5.586163638326979708e-07
6.456209455940609132e-10
1.039236430244727671e-08
6.694215812785841990e-07
1.478370342811174964e-10
1.958227330289830093e-10
3.371483359160265536e-08
1.236736490994871929e-09
7.306201155188318808e-08
4.350780180573110556e-09
5.919461543157922279e-08
4.402886943921657803e-10
3.451367858176013215e-09
8.430437787865230348e-07
1.541115146608262876e-08
1.134108700284741644e-07
3.100468347838614136e-06
1.261326687540531566e-08
4.193514147043941875e-10
2.580520241934891601e-10
3.637850554127908254e-08
1.370097503332334821e-12
1.606204946824618673e-09
5.278309799905400723e-06
8.872697243589300342e-09
2.178500224658819207e-08
2.683527844382638250e-09
2.137353627418292490e-09
8.465130463264358696e-08
2.289202001293233479e-07
1.776108149442734430e-08
5.080171305849034979e-08
8.361588088590110601e-10
1.159725826482826960e-08
1.424352724654909252e-08
3.218349675648823904e-08
1.031161147579950921e-07
2.432843615451929509e-08
2.528512332844456978e-08
1.184587503644252138e-07
9.255492727788805496e-07
4.208657173876417801e-06
1.239681468589992619e-09
1.236328856131507781e-12
2.594667947164452926e-08
2.578182112245031021e-11
3.580864245122938883e-07
5.225808230591155734e-09
1.259809589981841782e-08
6.204631830541984527e-08
5.284978232822368227e-09
6.122417572917981943e-10
1.203213917388978871e-10
3.463942743753278819e-10
1.223889825041624135e-07
1.553555364353087498e-07
3.265826276077632428e-09
2.228709263363271020e-06
2.512868732540418648e-11
