1.359246653009904549e-05
2.884997287765145302e-03
3.102510163444094360e-05
1.009372621774673462e-02
9.609533846378326416e-02
1.206116721732541919e-04
1.471658015361754224e-05
1.230160240083932877e-03
8.822217751003336161e-06
1.563733560033142567e-03
1.474152668379247189e-05
4.033706863992847502e-05
8.792003063717857003e-05
7.337668193940771744e-06
1.692076875769998878e-05
4.645882919430732727e-02
7.635880610905587673e-04
4.357659816741943359e-02
1.174180656671524048e-01
1.758609869284555316e-05
1.147425267845392227e-02
1.297522243112325668e-02
2.053156681358814240e-02
5.831708200275897980e-03
7.818266567483078688e-06
1.253738355444511399e-05
2.895244397222995758e-02
1.616291592654306442e-05
3.274273825809359550e-03
4.334371536970138550e-03
3.247228264808654785e-01
4.535901360213756561e-03
3.428394848015159369e-04
1.492802402935922146e-04
5.147993215359747410e-04
6.464735633926466107e-05
4.081942897755652666e-04
2.706919913180172443e-04
4.966886990587227046e-06
4.380342084914445877e-03
4.507511388510465622e-03
3.043891047127544880e-05
5.759257419413188472e-06
7.498221471905708313e-03
5.219957529334351420e-05
6.336327714961953461e-06
6.300040986388921738e-04
3.798587247729301453e-03
6.543954805238172412e-05
7.727584306849166751e-05
2.493943611625581980e-05
1.817883094190619886e-05
3.404265498829772696e-06
1.332779531367123127e-03
1.007581129670143127e-03
3.530664798745419830e-06
4.402993727126158774e-05
8.632807293906807899e-06
8.104394376277923584e-02
7.413419371005147696e-05
9.529078379273414612e-04
6.683962047100067139e-02
5.679553396475967020e-06
1.023828517645597458e-02
8.140807767631486058e-05
3.631816525739850476e-06
3.829873458016663790e-04
9.571107511874288321e-05
6.875382678117603064e-05
5.942910138401202857e-05
2.600005362182855606e-03
8.221621625125408173e-03
4.446162655949592590e-02
2.414092887192964554e-04
4.537143468041904271e-06
2.322116680443286896e-02
9.163998583971988410e-06
4.431031120475381613e-04
3.783019337788573466e-06
2.295699523529037833e-04
2.912773879870655946e-06
4.913212615065276623e-04
7.750194636173546314e-04
1.959190890192985535e-02
5.334466914064250886e-05
2.586482465267181396e-02
6.314526399364694953e-05
1.285791222471743822e-04
4.689909517765045166e-02
7.980029477039352059e-05
2.249210047011729330e-05
1.760922350513283163e-05
1.098443135560955852e-05
5.230845883488655090e-03
5.903519690036773682e-03
5.593745299847796559e-06
5.643459735438227654e-04
1.619073795154690742e-03
3.788628673646599054e-04
3.668439603643491864e-05
2.435045607853680849e-04
1.340859220363199711e-03
8.157430420396849513e-05
5.513076757779344916e-06
3.245942643843591213e-04
7.342261960729956627e-05
5.286708073981571943e-06
1.561564567964524031e-05
1.560102828079834580e-05
1.195358857512474060e-02
2.327216861885972321e-05
2.347852132515981793e-04
8.570861973566934466e-05
2.030815482139587402e-01
6.529113761644111946e-06
6.385256256180582568e-06
6.089638918638229370e-04
1.026061636366648600e-05
5.782040898338891566e-05
1.196869066916406155e-03
3.758432576432824135e-04
3.443029709160327911e-03
1.132470606535207480e-05
2.180891751777380705e-04
2.392765454715117812e-04
2.612941898405551910e-04
8.756887167692184448e-03
1.800486643332988024e-05
1.033119406201876700e-05
7.832968549337238073e-06
7.411687821149826050e-02
5.382982999435625970e-05
1.103305476135574281e-04
1.324845710769295692e-03
3.840575227513909340e-04
5.821035301778465509e-06
3.277625888586044312e-03
1.214540749788284302e-02
2.455024332448374480e-05
4.710842389613389969e-03
6.712922186125069857e-06
3.211660659871995449e-04
2.165149344364181161e-04
5.224344931775704026e-05
3.470746378297917545e-06
8.688439847901463509e-04
1.113482085202122107e-05
2.055321587249636650e-03
2.476523222867399454e-04
5.490833893418312073e-03
4.273478680261177942e-06
6.076828412915347144e-06
4.040791536681354046e-04
3.213590011000633240e-03
4.800709575647488236e-05
4.077176345163024962e-05
4.880239885096671060e-06
9.777335435501299798e-06
8.387982234125956893e-05
1.238694600760936737e-02
1.231386885046958923e-02
5.428919394034892321e-06
8.500654250383377075e-03
3.217158882762305439e-05
9.072378277778625488e-03
8.268701094493735582e-06
4.019050393253564835e-03
8.593565435148775578e-04
1.088848875951953232e-05
4.855267616221681237e-05
2.694118302315473557e-04
6.339994142763316631e-04
2.354492666199803352e-03
2.838654909282922745e-04
2.623128420964349061e-05
4.181411862373352051e-02
9.760425984859466553e-02
5.443487680167891085e-06
2.103315480053424835e-02
2.590553648769855499e-02
1.247177078766981140e-05
7.392005645669996738e-04
8.497238013660535216e-05
6.758948984497692436e-06
3.742198941836250015e-06
2.963933162391185760e-03
1.268024516321020201e-05
2.174508990719914436e-04
5.918806891713757068e-06
3.780411183834075928e-02
2.512077662686351687e-05
5.636774949380196631e-05
4.883860051631927490e-01
3.399412207727436908e-06
7.674678927287459373e-04
1.140317544341087341e-01
2.258213316963519901e-05
9.355815564049407840e-06
9.039184078574180603e-06
7.604306301800534129e-05
5.596362170763313770e-04
1.914382846734952182e-05
3.812021459452807903e-04
1.173354918137192726e-03
3.717912826687097549e-03
6.869427124911453575e-06
4.213837161660194397e-02
2.826953095791395754e-05
1.227227039635181427e-05
2.461644908180460334e-05
7.461476343451067805e-05
8.179988799383863807e-05
1.546096755191683769e-04
1.323008473264053464e-04
5.276111769489943981e-04
1.048711012117564678e-03
3.378493711352348328e-03
6.126836407929658890e-03
6.311209290288388729e-05
1.486806431785225868e-03
1.456449244869872928e-04
6.155471317470073700e-03
2.365960367023944855e-02
1.194035983644425869e-03
2.569844036770518869e-05
9.823531843721866608e-03
3.250519633293151855e-01
2.600090578198432922e-03
1.534867752343416214e-02
4.376380145549774170e-02
6.638448685407638550e-03
4.121769964694976807e-01
4.099059104919433594e-02
8.275892469100654125e-04
4.362738309282576665e-06
3.521707549225538969e-04
1.314912242378341034e-05
3.804740263149142265e-04
2.491645864211022854e-04
5.379823051043786108e-06
1.926674158312380314e-03
7.553903460502624512e-01
1.780839264392852783e-02
5.813621464767493308e-05
7.344195619225502014e-04
4.407005690154619515e-06
5.459878593683242798e-04
1.103149913251399994e-02
1.911903964355587959e-03
1.496575656346976757e-03
2.315799792995676398e-05
1.000360469333827496e-03
6.137808668427169323e-06
2.927243258454836905e-06
3.068427613470703363e-04
1.106576964957639575e-04
