3.314609639346599579e-03
3.121873363852500916e-03
3.421451896429061890e-03
3.346381708979606628e-03
3.064520889893174171e-03
3.425885224714875221e-03
3.344330703839659691e-03
3.223564475774765015e-03
3.244515042752027512e-03
3.134782193228602409e-03
3.163062501698732376e-03
3.440011059865355492e-03
3.352594561874866486e-03
3.215622156858444214e-03
3.313767025247216225e-03
3.169657662510871887e-03
3.195101860910654068e-03
3.252726281061768532e-03
3.230277448892593384e-03
3.149666357785463333e-03
3.233863040804862976e-03
3.197760554030537605e-03
3.098312066867947578e-03
3.190427552908658981e-03
3.498747246339917183e-03
3.502569627016782761e-03
3.086393699049949646e-03
3.247942076995968819e-03
3.147702664136886597e-03
3.177328035235404968e-03
3.221550025045871735e-03
3.315722336992621422e-03
3.182478947564959526e-03
3.411270910874009132e-03
3.387899138033390045e-03
3.153861034661531448e-03
3.134929807856678963e-03
3.335841465741395950e-03
3.200343810021877289e-03
3.119479166343808174e-03
3.350477665662765503e-03
3.201163839548826218e-03
3.455862868577241898e-03
3.068102523684501648e-03
3.162573790177702904e-03
3.169963369145989418e-03
3.294036025181412697e-03
3.304455429315567017e-03
3.416447667405009270e-03
3.119943197816610336e-03
3.362793941050767899e-03
3.531008958816528320e-03
3.188599133864045143e-03
3.112668404355645180e-03
3.242575796321034431e-03
3.515286138281226158e-03
3.209718735888600349e-03
3.462729277089238167e-03
3.254348644986748695e-03
3.276451723650097847e-03
3.128874814137816429e-03
3.172666067257523537e-03
3.366870107129216194e-03
3.342706710100173950e-03
3.097571432590484619e-03
3.377519082278013229e-03
3.430115990340709686e-03
3.097656881436705589e-03
3.306148573756217957e-03
3.216771874576807022e-03
3.115781350061297417e-03
3.226617816835641861e-03
3.252038266509771347e-03
3.158784937113523483e-03
3.607563907280564308e-03
3.076299792155623436e-03
3.214581403881311417e-03
3.131063655018806458e-03
3.218383761122822762e-03
3.350974526256322861e-03
3.477704944089055061e-03
3.143278183415532112e-03
3.244293155148625374e-03
3.131149802356958389e-03
3.235990880057215691e-03
3.249966306611895561e-03
3.195235272869467735e-03
3.373208921402692795e-03
3.129654563963413239e-03
3.326893085613846779e-03
3.226484172046184540e-03
3.311079926788806915e-03
3.507306100800633430e-03
3.063786774873733521e-03
3.273287322372198105e-03
3.475362434983253479e-03
3.112563164904713631e-03
3.086933633312582970e-03
3.307626117020845413e-03
3.145710099488496780e-03
3.337831469252705574e-03
3.271047957241535187e-03
3.392998594790697098e-03
3.248272463679313660e-03
3.305383725091814995e-03
3.318244591355323792e-03
3.351735649630427361e-03
3.135691396892070770e-03
3.560530953109264374e-03
3.300371579825878143e-03
3.132814308628439903e-03
3.288201522082090378e-03
3.096361411735415459e-03
3.103208728134632111e-03
3.319075796753168106e-03
3.446896327659487724e-03
3.135964274406433105e-03
3.265305422246456146e-03
3.165631555020809174e-03
3.278146265074610710e-03
3.117428859695792198e-03
3.156554419547319412e-03
3.302472410723567009e-03
3.256782423704862595e-03
3.419515909627079964e-03
3.131370292976498604e-03
3.280794713646173477e-03
3.427218878641724586e-03
3.346214536577463150e-03
3.146161558106541634e-03
3.117877990007400513e-03
3.376803360879421234e-03
3.275854047387838364e-03
3.216988872736692429e-03
3.388723358511924744e-03
3.256628988310694695e-03
3.251927206292748451e-03
3.070321399718523026e-03
3.171119373291730881e-03
3.170423209667205811e-03
3.575647948309779167e-03
3.110837191343307495e-03
3.256252966821193695e-03
3.295771079137921333e-03
3.427845891565084457e-03
3.171157091856002808e-03
3.150570439174771309e-03
3.073529573157429695e-03
3.198940306901931763e-03
3.133970312774181366e-03
3.179230028763413429e-03
3.454452380537986755e-03
3.161236178129911423e-03
3.084086580201983452e-03
3.148907097056508064e-03
3.367753699421882629e-03
3.267286345362663269e-03
3.262159647420048714e-03
3.467703238129615784e-03
3.115291474387049675e-03
3.074178472161293030e-03
3.229685127735137939e-03
3.245121333748102188e-03
3.267314285039901733e-03
3.323623212054371834e-03
3.279533237218856812e-03
3.288365900516510010e-03
3.191874828189611435e-03
3.282655263319611549e-03
3.337192581966519356e-03
3.194553544744849205e-03
3.345085540786385536e-03
3.221730934455990791e-03
3.463018685579299927e-03
3.465672256425023079e-03
3.177690319716930389e-03
3.220429643988609314e-03
3.332805121317505836e-03
3.113144775852560997e-03
3.121506888419389725e-03
3.422027453780174255e-03
3.285539569333195686e-03
3.347186371684074402e-03
3.124068956822156906e-03
3.197538666427135468e-03
3.105690702795982361e-03
3.175911726430058479e-03
3.187568858265876770e-03
3.236956894397735596e-03
3.204688197001814842e-03
3.332132007926702499e-03
3.460376756265759468e-03
3.153453348204493523e-03
3.307272447273135185e-03
3.241905476897954941e-03
3.058614907786250114e-03
3.327201353386044502e-03
3.373354906216263771e-03
3.210570197552442551e-03
3.110587364062666893e-03
3.095407970249652863e-03
3.234831616282463074e-03
3.322781762108206749e-03
3.242641920223832130e-03
3.105101874098181725e-03
3.175682155415415764e-03
3.302623284980654716e-03
3.375797299668192863e-03
3.158544655889272690e-03
3.172897035256028175e-03
3.381388029083609581e-03
3.177416976541280746e-03
3.330131061375141144e-03
3.126103896647691727e-03
3.300104755908250809e-03
3.196998964995145798e-03
3.277072915807366371e-03
3.215125529095530510e-03
3.180022118613123894e-03
3.120061708614230156e-03
3.210492432117462158e-03
3.136032493785023689e-03
3.309061750769615173e-03
3.143961075693368912e-03
3.418594831600785255e-03
3.281931625679135323e-03
3.197410842403769493e-03
3.106799675151705742e-03
3.201538231223821640e-03
3.084887284785509109e-03
3.126274794340133667e-03
3.202440682798624039e-03
3.191530238837003708e-03
3.333789063617587090e-03
3.182774176821112633e-03
3.150982549414038658e-03
3.188738832250237465e-03
3.118350636214017868e-03
3.268146654590964317e-03
3.186967456713318825e-03
3.183662192896008492e-03
3.179394872859120369e-03
3.107456956058740616e-03
3.125609364360570908e-03
3.100951202213764191e-03
3.451479366049170494e-03
3.343107178807258606e-03
3.322606207802891731e-03
3.086324315518140793e-03
3.159031271934509277e-03
3.393620951101183891e-03
3.080747090280056000e-03
3.113326616585254669e-03
3.285661339759826660e-03
3.221027785912156105e-03
3.169913776218891144e-03
