9.909670948982238770e-01
9.950880408287048340e-01
2.253595766887883656e-06
9.999963045120239258e-01
9.996260404586791992e-01
1.250742025149520487e-05
2.770870378299150616e-05
5.156592233106493950e-04
9.861055016517639160e-01
9.999465942382812500e-01
9.967443943023681641e-01
1.974110208635693198e-09
4.217550895191379823e-07
9.990053772926330566e-01
9.939284324645996094e-01
9.979830980300903320e-01
5.976488464511930943e-04
8.989881052912096493e-07
9.979854822158813477e-01
1.155376807560060115e-07
1.594180609743034438e-08
4.880421329289674759e-07
9.998923540115356445e-01
3.168417705978754384e-08
9.999308586120605469e-01
9.941412806510925293e-01
9.998518228530883789e-01
9.999986886978149414e-01
1.465968457736721575e-09
3.223312061706451459e-09
9.992642998695373535e-01
9.981398582458496094e-01
9.999855756759643555e-01
1.192480419964780936e-10
9.999855756759643555e-01
9.954578876495361328e-01
9.999370574951171875e-01
9.594368934631347656e-01
2.003988083743024617e-05
9.999914169311523438e-01
9.999843835830688477e-01
9.858258636086247861e-06
9.961054921150207520e-01
9.888367652893066406e-01
9.976823329925537109e-01
9.817973101178267825e-10
9.858371413429267704e-06
9.909465312957763672e-01
8.299806358991190791e-05
9.993916749954223633e-01
1.425794289389159530e-05
1.061275298752661911e-07
9.977230429649353027e-01
2.149573106180469040e-07
9.979966282844543457e-01
1.001352984530967660e-06
1.158048519300791668e-07
9.909345507621765137e-01
5.017190005673910491e-07
9.999843835830688477e-01
9.878853559494018555e-01
9.999812841415405273e-01
9.998482465744018555e-01
9.944567680358886719e-01
1.480148670296443925e-09
9.998621940612792969e-01
9.939393997192382812e-01
9.998317956924438477e-01
4.304709145799279213e-04
1.000000000000000000e+00
9.953817352652549744e-04
1.275192857974616345e-07
4.138343001613975503e-08
9.813294410705566406e-01
2.141566568525377079e-07
1.104573584598256275e-05
4.467586300904713426e-09
2.410881938530451407e-09
5.518945300764244166e-08
9.986761212348937988e-01
9.991907477378845215e-01
9.998321533203125000e-01
9.972419738769531250e-01
9.433206319808959961e-01
2.088691175572421344e-08
3.327605924141607829e-08
9.996292591094970703e-01
6.513845164590748027e-06
9.995056390762329102e-01
6.390282942447811365e-05
1.660533453105017543e-04
8.301358320750296116e-05
5.643454187520546839e-06
3.808916559933095414e-08
9.972023963928222656e-01
9.998420476913452148e-01
3.657255001598969102e-05
9.995057582855224609e-01
9.947013854980468750e-01
9.957499504089355469e-01
5.926845005888026208e-07
9.836931824684143066e-01
9.971544742584228516e-01
9.959337115287780762e-01
2.102833818184990378e-08
9.986442923545837402e-01
1.934882698506612542e-09
4.432233746687330722e-10
9.909344315528869629e-01
9.999983310699462891e-01
1.572178609521301951e-09
5.821271770400926471e-05
6.342530468828044832e-06
9.888439178466796875e-01
9.948953986167907715e-01
9.951525926589965820e-01
1.221066554535354953e-06
3.591379693634877412e-10
9.871884685708209872e-05
9.998654127120971680e-01
3.195508302411553814e-09
4.328859215529945459e-10
9.999855756759643555e-01
1.000000000000000000e+00
2.771161052805837244e-05
6.383003437804291025e-06
1.000000000000000000e+00
1.059382270796049852e-07
7.536523753515211865e-06
9.996298551559448242e-01
2.520310590625740588e-05
4.504395110416226089e-05
9.944617152214050293e-01
6.893332127333451353e-09
2.106449101120233536e-04
9.992789626121520996e-01
6.991212139837443829e-04
9.999704360961914062e-01
2.071608614642173052e-04
1.647789460434978537e-09
9.984184503555297852e-01
9.732728004455566406e-01
9.984015822410583496e-01
2.107562177116051316e-04
2.721780765568837523e-05
9.999425411224365234e-01
1.000000000000000000e+00
9.991783499717712402e-01
9.957530498504638672e-01
6.340540494420565665e-06
1.998259176616556942e-05
6.902533641550689936e-05
8.720418009033892304e-06
9.989984631538391113e-01
9.799873232841491699e-01
9.999979734420776367e-01
1.428426367056090385e-05
6.474811584666895214e-07
9.999979734420776367e-01
3.772254422074183822e-05
2.509565820218995214e-05
9.999893903732299805e-01
1.267330480914097279e-05
1.948292416287245032e-09
9.984018206596374512e-01
5.193257493374403566e-06
8.556179818697273731e-05
4.413960585925025271e-10
1.000000000000000000e+00
1.155392155283152533e-07
9.982935786247253418e-01
9.915319085121154785e-01
4.934258686262182891e-05
1.851768322014279988e-10
1.339803275186568499e-04
9.999575614929199219e-01
3.878721510641724990e-10
9.999979734420776367e-01
9.991790652275085449e-01
4.953930670126283076e-07
9.999996423721313477e-01
9.997890591621398926e-01
3.612243837380901823e-10
2.070483169518411160e-04
1.000000000000000000e+00
9.999856948852539062e-01
6.938010983503772877e-07
9.997349381446838379e-01
1.409628112014615908e-06
9.999467134475708008e-01
1.168330016065866062e-10
7.531177743658190593e-06
2.320836210856214166e-05
6.729221695422893390e-07
9.877626895904541016e-01
1.402875682288140524e-06
9.989032745361328125e-01
9.999729394912719727e-01
9.996740818023681641e-01
4.331766334519926431e-10
2.216299035353586078e-04
9.746103923902182942e-10
9.948382973670959473e-01
6.186390965012833476e-05
9.999979734420776367e-01
1.659924018895253539e-04
9.877597689628601074e-01
1.830655210754983386e-10
1.975932354980614036e-05
9.943342208862304688e-01
1.345146447420120239e-04
1.000000000000000000e+00
2.152896195184439421e-05
9.999425411224365234e-01
2.941164645164917602e-08
1.553077222382626132e-09
8.511127816746011376e-06
9.964354038238525391e-01
5.023834546591388062e-06
9.999575614929199219e-01
1.000000000000000000e+00
2.216464199591428041e-04
4.933308446197770536e-05
7.972862804308533669e-04
9.988577365875244141e-01
7.065368290426476960e-09
9.996790885925292969e-01
6.219391361810266972e-04
1.380187313770875335e-06
9.998555183410644531e-01
7.498521590605378151e-04
9.978073239326477051e-01
4.861496108787832782e-06
9.999986886978149414e-01
9.861053824424743652e-01
9.989200830459594727e-01
4.949605170168069890e-08
1.604034349789174030e-09
9.999964237213134766e-01
6.463164368142315652e-07
9.999907016754150391e-01
9.984691739082336426e-01
1.273634643439436331e-05
9.999855756759643555e-01
3.807017947110580280e-06
9.929129481315612793e-01
1.949608252616030768e-09
6.187441613292321563e-05
3.281829776824451983e-05
9.993916749954223633e-01
9.909760355949401855e-01
3.771444971789605916e-05
9.976871013641357422e-01
9.999990463256835938e-01
9.999984502792358398e-01
9.936538934707641602e-01
