9.998481273651123047e-01
9.999405145645141602e-01
1.990937744267284870e-05
9.999963045120239258e-01
1.000000000000000000e+00
2.236915634057368152e-06
8.865576819516718388e-05
8.649090159451588988e-05
9.935042262077331543e-01
9.998486042022705078e-01
9.969890713691711426e-01
4.505306350210958044e-09
7.461056156898848712e-06
9.984148740768432617e-01
9.999982118606567383e-01
9.871635437011718750e-01
1.022538199322298169e-04
3.442730545089034422e-08
9.997404217720031738e-01
6.284382720878056716e-07
2.738788316491991282e-04
2.610169502759163151e-08
9.990645051002502441e-01
5.383830284699797630e-05
9.999989271163940430e-01
9.978614449501037598e-01
9.999938011169433594e-01
9.781627058982849121e-01
1.231137947144134159e-08
7.913156423455802724e-07
9.998725652694702148e-01
9.999823570251464844e-01
9.999747276306152344e-01
1.471055156798684038e-06
9.958134293556213379e-01
9.998273849487304688e-01
9.921791553497314453e-01
9.999970197677612305e-01
3.524346539052203298e-07
9.997590184211730957e-01
9.934682846069335938e-01
7.057006996546988375e-07
9.999889135360717773e-01
9.998239874839782715e-01
9.999963045120239258e-01
2.991749348257854990e-10
4.404144874570192769e-06
9.990817308425903320e-01
2.229216079285833985e-05
9.991445541381835938e-01
6.459571886807680130e-05
5.698302385503950518e-10
9.992188215255737305e-01
3.108459713985212147e-05
9.991480112075805664e-01
2.695188605628118239e-08
1.490736904088407755e-04
9.999268054962158203e-01
2.534988539082405623e-07
9.935152530670166016e-01
9.997170567512512207e-01
9.999997615814208984e-01
9.982452392578125000e-01
9.999996423721313477e-01
5.591850871233816633e-10
9.991748929023742676e-01
9.999382495880126953e-01
9.966517090797424316e-01
1.243629753844288643e-06
9.971103072166442871e-01
7.780522892630870047e-09
2.981493594234052580e-07
2.744130615610629320e-04
9.986855387687683105e-01
1.785064398518443340e-07
5.108602636028081179e-05
6.008002628732356243e-07
9.183474389828916173e-07
2.676940198398369830e-07
9.999969005584716797e-01
9.982545971870422363e-01
9.933182001113891602e-01
9.998927116394042969e-01
9.910413622856140137e-01
2.285885258856978908e-08
9.778899467960400216e-09
9.999029636383056641e-01
2.825625244895491051e-07
9.999936819076538086e-01
5.131835791871708352e-07
7.215591267595300451e-06
1.401273053147633618e-08
3.801215643761679530e-05
9.210040730067703407e-07
9.967849254608154297e-01
9.999914169311523438e-01
6.781559847013340914e-08
9.895305633544921875e-01
9.863243699073791504e-01
9.998534917831420898e-01
1.131492677330925289e-10
9.954214692115783691e-01
9.979828596115112305e-01
9.995179176330566406e-01
1.788854042672483047e-08
9.975669384002685547e-01
6.075338660593843088e-06
1.074868816175467146e-08
9.999084472656250000e-01
9.999815225601196289e-01
2.401954770903103054e-05
4.707648031399003230e-07
1.757318841555388644e-06
9.999992847442626953e-01
9.969155788421630859e-01
9.999482631683349609e-01
9.168434900175270741e-08
4.469074701773934066e-05
8.025835995795205235e-07
9.918591380119323730e-01
1.158324707262181619e-07
2.045735345745924860e-05
9.833669662475585938e-01
9.952020645141601562e-01
1.050182436301838607e-05
2.151627813873346895e-05
9.989546537399291992e-01
9.898529995666649484e-09
7.817929144948720932e-05
9.989693164825439453e-01
4.093266881000090507e-08
1.324532718172122259e-06
9.909785985946655273e-01
1.014516339637339115e-03
3.205680332030169666e-05
9.999090433120727539e-01
3.515338539727963507e-05
9.987398982048034668e-01
2.478013172435566958e-08
2.059126927633769810e-06
9.974176883697509766e-01
9.998230338096618652e-01
9.953112006187438965e-01
3.273814945714548230e-05
4.619129612137840013e-08
9.936798810958862305e-01
9.997087121009826660e-01
9.999949932098388672e-01
9.999940395355224609e-01
6.920538908161688596e-06
1.378330605206201653e-08
3.698702130350284278e-05
3.775903323344209639e-08
9.992930889129638672e-01
9.995073080062866211e-01
9.985010623931884766e-01
4.848316859096257758e-09
1.692013142928772140e-07
9.935628175735473633e-01
1.758970483933808282e-06
4.052776958474169078e-08
9.930387139320373535e-01
1.325061615986555807e-09
1.445956172574369702e-06
9.999914169311523438e-01
3.436250381128047593e-06
1.106067247746977955e-05
1.602540464773483109e-07
9.997852444648742676e-01
1.502763052885214279e-10
9.998513460159301758e-01
9.999908208847045898e-01
8.010763122001662850e-05
1.538909799592147465e-07
1.492026513005839661e-06
9.962579011917114258e-01
4.105561856704298407e-06
9.979029893875122070e-01
9.999924898147583008e-01
8.996453715326424572e-08
9.997929930686950684e-01
9.999020099639892578e-01
1.677847052405923023e-07
5.011513337649375899e-08
9.999326467514038086e-01
9.999524354934692383e-01
8.722378765924077015e-07
9.999847412109375000e-01
7.841209298931062222e-05
9.947370886802673340e-01
8.934667334870027844e-07
1.776899262040387839e-05
5.861483259650412947e-06
6.517498604807769880e-06
9.999979734420776367e-01
1.467915535613428801e-05
9.993426203727722168e-01
9.998013377189636230e-01
9.943540096282958984e-01
1.532129658698977437e-07
3.840361841866979375e-06
1.024063589483148462e-08
9.997834563255310059e-01
2.662159931787755340e-05
9.999402761459350586e-01
1.895719287858810276e-05
9.999996423721313477e-01
3.037229800995078222e-09
6.310585831670323387e-07
9.937276840209960938e-01
9.712262544780969620e-05
9.993299245834350586e-01
3.772117196376711945e-08
9.982405900955200195e-01
2.666880334345478332e-07
3.155908601115697820e-08
9.591133931508011301e-08
9.998394250869750977e-01
2.624295447617441823e-09
9.999696016311645508e-01
9.971113204956054688e-01
1.987173590123347822e-07
1.005537887976970524e-05
1.305308217069978127e-08
9.984281063079833984e-01
3.950507334593567066e-07
9.725579619407653809e-01
8.098523721855599433e-06
8.070273338489641901e-09
9.999372959136962891e-01
3.140302169413189404e-06
9.997617602348327637e-01
1.349973377529067875e-08
9.951499104499816895e-01
9.996058344841003418e-01
9.996102452278137207e-01
3.117789582063323905e-09
2.924224986600165721e-07
9.998363256454467773e-01
1.158926288269412908e-10
9.997116923332214355e-01
9.999996423721313477e-01
6.574668418579676654e-07
9.996426105499267578e-01
8.330350283358711749e-06
9.983292222023010254e-01
1.236869593412848189e-07
2.136211878678295761e-05
4.732549285790810245e-08
9.998404979705810547e-01
9.999926090240478516e-01
1.608116235729539767e-07
9.997974038124084473e-01
9.998049139976501465e-01
9.990662932395935059e-01
9.999879598617553711e-01
