1.727341612792807306e-18
6.082512885152889704e-19
6.531040735696875283e-33
9.928085803985595703e-01
9.980540275573730469e-01
1.734736656544555444e-06
1.411128050676779822e-05
1.430377142241923138e-05
9.951901435852050781e-01
5.365838908186970288e-17
9.939800500869750977e-01
1.174493718281155452e-05
6.543014023918658495e-06
7.254812377814705813e-18
0.000000000000000000e+00
7.924813122987142233e-17
7.749040378257632256e-06
6.976753184062545188e-07
9.981490373611450195e-01
3.554258728399872780e-05
2.318033693882171065e-05
7.071591880958294496e-06
9.893007874488830566e-01
1.800919380912091583e-05
0.000000000000000000e+00
3.312686454803829662e-19
9.897152781486511230e-01
0.000000000000000000e+00
1.811967194953467697e-05
7.891453424235805869e-05
3.062929453504735015e-18
9.936003684997558594e-01
9.935777187347412109e-01
9.755694190971553326e-05
5.118903306219959792e-19
7.354588842005412683e-20
9.920011758804321289e-01
3.870165004409822831e-17
3.726010163518367335e-06
1.145717443971480464e-17
9.892981052398681641e-01
3.392308894654541866e-32
9.961811304092407227e-01
9.936240911483764648e-01
9.967477321624755859e-01
2.127269718822031153e-33
2.022027547354809940e-05
9.927132725715637207e-01
1.708882155071478337e-05
9.957745671272277832e-01
1.773419779168896203e-31
2.519938561817980371e-06
9.965235590934753418e-01
1.433018187526613474e-04
5.506720422368122962e-18
1.467469606986777549e-33
7.791961252223700285e-05
2.180758028925546914e-19
1.575049100210890174e-05
5.859232539394333789e-19
3.431762036001928529e-12
9.985173344612121582e-01
0.000000000000000000e+00
9.965488314628601074e-01
1.159394469141261652e-05
3.116496842793056534e-18
1.548065828056000496e-18
9.954244494438171387e-01
6.839345132902963087e-06
9.891007542610168457e-01
3.590407504816539586e-05
1.527524346040441237e-31
1.105481942431651987e-06
9.909207820892333984e-01
2.701370249269530177e-05
2.794218926283065230e-05
2.104720806528348476e-05
7.174723123171133921e-06
1.036314552038675174e-05
2.031287991502075065e-18
2.151720241262785011e-19
4.719865557417657342e-12
4.348020606157291181e-19
9.953013658523559570e-01
1.567451909068040550e-05
1.060342037817463279e-04
9.947054982185363770e-01
7.177843599492916837e-06
9.968877434730529785e-01
9.202120054396800697e-06
1.657744433032348752e-04
1.683021530566296632e-32
2.021416819872468795e-33
1.233702205354347825e-04
9.926002025604248047e-01
1.383442901635717014e-19
1.581415563123300672e-05
1.792804458995585464e-17
1.301669940759165537e-17
2.623021000172562918e-19
6.914668735382002133e-34
4.361840015383181978e-20
4.508289757896281299e-20
9.985176920890808105e-01
2.026050060521811247e-05
0.000000000000000000e+00
2.882233353360545413e-33
7.399340209082897341e-33
9.937245249748229980e-01
9.976630210876464844e-01
2.570976591929212012e-31
3.158771505695767701e-06
9.574849173077382147e-06
2.709832575345516581e-12
1.457133139535010180e-18
9.961448907852172852e-01
1.086329234567529056e-06
1.016076628150210850e-31
3.563477093848632649e-06
9.936704635620117188e-01
1.070233611244475469e-05
7.413580897264182568e-05
0.000000000000000000e+00
9.902855753898620605e-01
2.592843338788952678e-05
1.765519755281275138e-06
9.901604652404785156e-01
1.061285615583798003e-33
0.000000000000000000e+00
4.019482819921069608e-19
1.396417937939986587e-04
5.651188075717072934e-06
2.301364529452169983e-18
3.957595135433196139e-31
9.530106126476312056e-07
2.014995040826012221e-19
1.798171797418035567e-05
3.775010252310417869e-12
4.317646380513906479e-05
7.782151806168258190e-05
1.529580254220606857e-19
9.961120486259460449e-01
8.200233495848513476e-18
3.284314318466178227e-33
7.881494639150332659e-06
3.384376806581101960e-11
7.527278433759313290e-19
9.935346841812133789e-01
9.881707429885864258e-01
3.159575135214254260e-05
5.771694304712582380e-06
1.953901664819568396e-05
1.090048954210942611e-05
9.939017295837402344e-01
9.961766004562377930e-01
0.000000000000000000e+00
2.095483978337142617e-05
9.217850674758665264e-06
5.161016686792168323e-20
4.222181309376869373e-18
1.604010503797326237e-05
9.963422417640686035e-01
1.363140927423955873e-05
2.443817196655423355e-32
9.934058189392089844e-01
3.547824462657445110e-06
3.112173897174205475e-32
2.149162901332601905e-05
3.765296163044176929e-19
2.537669694182631759e-33
9.915243983268737793e-01
4.426052818489451758e-20
8.124733893843973248e-31
1.538516698929015547e-06
2.688229802435033546e-32
9.932597279548645020e-01
2.046546978817787021e-05
9.944270849227905273e-01
9.295672738496296716e-12
1.766767672961577773e-05
4.408917125865562232e-19
1.808471383874431692e-18
1.636960041651036590e-05
1.527572203485760838e-05
0.000000000000000000e+00
9.883210062980651855e-01
4.413511487655341625e-05
9.856159687042236328e-01
2.024613058893010020e-05
9.981257319450378418e-01
2.097795368172228336e-05
4.720634335346622894e-33
2.012090226344298571e-05
4.037341509732705084e-33
9.937591552734375000e-01
1.445865018467884511e-05
4.165942902191825843e-19
1.013725557115373923e-18
5.217216823949184205e-19
2.048773058049846441e-05
9.575652256899047643e-06
1.863476768448890653e-06
3.384098249555239655e-19
5.575802287871212252e-32
9.977895021438598633e-01
3.545223808032460511e-05
3.765934179084107214e-12
2.751547585236885283e-33
3.679602377815172076e-05
9.971314668655395508e-01
1.652415630815085024e-05
7.473916495455634629e-19
3.114159699180163443e-05
9.971852898597717285e-01
1.466436970076756552e-06
2.427821164019405842e-05
9.603331872789206776e-33
9.915344119071960449e-01
6.528052041309909617e-33
2.298942751413767857e-18
1.905810482842068638e-18
3.384191950317472219e-05
2.336458783247508109e-05
8.879318556864745915e-06
9.908792972564697266e-01
3.029729487025178969e-05
1.683830692481114535e-17
2.385072730248793960e-05
2.558344021963421255e-05
9.937905669212341309e-01
2.127167499565985054e-05
1.534549572769792141e-17
8.524681334165506996e-07
7.947302344045111439e-18
2.265468044493453941e-19
9.821320772171020508e-01
2.029525203397497535e-04
5.045007583248661831e-06
1.828881858694024511e-18
1.832576223806760731e-33
1.946760472656812550e-18
9.875269532203674316e-01
9.315235729445703328e-06
5.812884368902068819e-18
1.673458768891578075e-06
5.766743407153248382e-19
1.712343191684340127e-06
1.842752681113779545e-05
2.028940798481926322e-05
6.343924517648868999e-12
9.971920847892761230e-01
4.224298390909098089e-05
2.008848442639889669e-18
1.354145973796678734e-19
3.065315621417766733e-17
1.968985962686105708e-19
