5.000561475753784180e-03
4.484363831579685211e-03
4.733494948595762253e-03
5.873251240700483322e-03
4.633644130080938339e-03
5.168270319700241089e-03
4.699500743299722672e-03
5.127614364027976990e-03
4.479134455323219299e-03
4.815942142158746719e-03
5.938625428825616837e-03
5.528517533093690872e-03
4.964432679116725922e-03
5.115277133882045746e-03
4.835406783968210220e-03
4.683353938162326813e-03
5.291476380079984665e-03
5.503419786691665649e-03
4.907198250293731689e-03
4.571021068841218948e-03
6.368789356201887131e-03
5.287860985845327377e-03
4.734101705253124237e-03
5.684758536517620087e-03
4.923940170556306839e-03
5.776567384600639343e-03
5.101662129163742065e-03
5.183138884603977203e-03
5.287482403218746185e-03
5.554118659347295761e-03
4.996847826987504959e-03
5.324895959347486496e-03
5.122433416545391083e-03
4.879474639892578125e-03
4.886184819042682648e-03
5.158445797860622406e-03
4.572416190057992935e-03
4.836322274059057236e-03
4.999698139727115631e-03
4.680005367845296860e-03
5.340281408280134201e-03
4.628125578165054321e-03
4.543421790003776550e-03
5.402780603617429733e-03
5.539568141102790833e-03
5.518561694771051407e-03
4.527086392045021057e-03
5.209459457546472549e-03
6.034105550497770309e-03
4.650172311812639236e-03
5.004164762794971466e-03
5.151190329343080521e-03
4.707186017185449600e-03
4.653164185583591461e-03
6.852436810731887817e-03
4.977888893336057663e-03
4.522829316556453705e-03
4.751933272927999496e-03
5.453206598758697510e-03
5.234541371464729309e-03
5.045313388109207153e-03
6.962766870856285095e-03
5.303514655679464340e-03
5.902478471398353577e-03
5.442407447844743729e-03
5.077656358480453491e-03
5.074771121144294739e-03
4.628006834536790848e-03
5.775211844593286514e-03
5.035088863223791122e-03
6.012192461639642715e-03
5.916945170611143112e-03
6.115145981311798096e-03
4.567646421492099762e-03
4.677593708038330078e-03
4.553977400064468384e-03
6.163185462355613708e-03
5.355685483664274216e-03
5.606914404779672623e-03
4.549043253064155579e-03
5.043703131377696991e-03
4.651660099625587463e-03
7.042495533823966980e-03
5.334183108061552048e-03
5.007055122405290604e-03
6.178125739097595215e-03
5.254507996141910553e-03
5.739202722907066345e-03
4.690807778388261795e-03
5.376246292144060135e-03
4.652519244700670242e-03
5.577835720032453537e-03
6.250451784580945969e-03
5.893493536859750748e-03
5.257885903120040894e-03
5.681056529283523560e-03
5.413042381405830383e-03
4.855242092162370682e-03
4.693221766501665115e-03
5.374474450945854187e-03
6.799174007028341293e-03
6.183014251291751862e-03
5.541021004319190979e-03
5.195994395762681961e-03
5.391999147832393646e-03
5.600861273705959320e-03
5.265220999717712402e-03
4.872575402259826660e-03
4.890696145594120026e-03
6.534127518534660339e-03
4.795385524630546570e-03
5.856819916516542435e-03
5.591616034507751465e-03
5.153718404471874237e-03
4.942028783261775970e-03
4.595765378326177597e-03
4.860758315771818161e-03
5.526538472622632980e-03
4.494317807257175446e-03
5.289722234010696411e-03
5.359207279980182648e-03
5.005888640880584717e-03
4.762946628034114838e-03
5.313944071531295776e-03
4.939304664731025696e-03
4.972419701516628265e-03
6.139636971056461334e-03
4.909308161586523056e-03
5.046024452894926071e-03
5.544900428503751755e-03
4.752337001264095306e-03
5.237328354269266129e-03
5.732485558837652206e-03
4.778354894369840622e-03
5.911298561841249466e-03
5.996679421514272690e-03
4.576048813760280609e-03
4.704179707914590836e-03
4.525142256170511246e-03
5.584175698459148407e-03
4.739897325634956360e-03
4.597019869834184647e-03
5.305524915456771851e-03
5.702248308807611465e-03
4.749248269945383072e-03
4.704930353909730911e-03
5.209251772612333298e-03
5.551072303205728531e-03
5.277825519442558289e-03
5.338994786143302917e-03
6.201533600687980652e-03
4.633985459804534912e-03
5.579215940088033676e-03
5.390894133597612381e-03
6.211562547832727432e-03
6.311176344752311707e-03
4.772866144776344299e-03
5.003421567380428314e-03
6.529356352984905243e-03
4.691569600254297256e-03
4.903762601315975189e-03
4.771958105266094208e-03
6.481716409325599670e-03
6.425401661545038223e-03
5.710965488106012344e-03
5.276318173855543137e-03
5.437214393168687820e-03
4.650371149182319641e-03
4.567520692944526672e-03
6.305998656898736954e-03
5.322578363120555878e-03
6.002491805702447891e-03
5.037265364080667496e-03
5.845697131007909775e-03
4.693872295320034027e-03
4.632637370377779007e-03
5.458272993564605713e-03
4.716056399047374725e-03
5.633180961012840271e-03
4.734878893941640854e-03
5.639054812490940094e-03
6.774498149752616882e-03
6.050687283277511597e-03
4.527195822447538376e-03
4.682035651057958603e-03
5.732801277190446854e-03
4.946572706103324890e-03
5.821422208100557327e-03
5.675061140209436417e-03
4.758513998240232468e-03
4.705957602709531784e-03
5.269528366625308990e-03
5.249968729913234711e-03
5.006629507988691330e-03
4.732244182378053665e-03
4.877490922808647156e-03
4.838209133595228195e-03
6.334850098937749863e-03
5.334727466106414795e-03
5.288206972181797028e-03
5.181757733225822449e-03
5.340970586985349655e-03
6.026791408658027649e-03
4.600103944540023804e-03
5.930813495069742203e-03
4.837263375520706177e-03
5.011297296732664108e-03
5.738008301705121994e-03
4.789842758327722549e-03
5.891602020710706711e-03
5.265328101813793182e-03
5.233940668404102325e-03
4.537716507911682129e-03
4.864493850618600845e-03
5.556278862059116364e-03
4.724557977169752121e-03
5.108377430588006973e-03
5.967353004962205887e-03
4.499289672821760178e-03
4.839970264583826065e-03
5.867310333997011185e-03
5.208725575357675552e-03
5.363740958273410797e-03
5.292025860399007797e-03
5.113209597766399384e-03
4.980780649930238724e-03
5.285714752972126007e-03
4.531541373580694199e-03
7.469486910849809647e-03
5.055446177721023560e-03
5.646674893796443939e-03
5.829654633998870850e-03
6.478324532508850098e-03
5.489876028150320053e-03
4.551768768578767776e-03
5.319317802786827087e-03
5.203410983085632324e-03
5.630929954349994659e-03
5.534461233764886856e-03
4.976075608283281326e-03
4.478590097278356552e-03
5.672502797096967697e-03
4.485635086894035339e-03
4.988083615899085999e-03
5.346510559320449829e-03
5.173477809876203537e-03
6.707864813506603241e-03
4.742586053907871246e-03
4.761400632560253143e-03
4.553034901618957520e-03
5.345879122614860535e-03
4.764432087540626526e-03
5.695193540304899216e-03
5.063732620328664780e-03
5.916820839047431946e-03
5.193044431507587433e-03
